2.000000e-01 1.003681e+04
2.006817e-01 1.001973e+04
2.013634e-01 1.000103e+04
2.020451e-01 9.981150e+03
2.027268e-01 9.960508e+03
2.034085e-01 9.939530e+03
2.040902e-01 9.918643e+03
2.047719e-01 9.898271e+03
2.054536e-01 9.878862e+03
2.061353e-01 9.861106e+03
2.068170e-01 9.845854e+03
2.074987e-01 9.833958e+03
2.081804e-01 9.826270e+03
2.088621e-01 9.823644e+03
2.095438e-01 9.826931e+03
2.102255e-01 9.836984e+03
2.109072e-01 9.854656e+03
2.115889e-01 9.880799e+03
2.122706e-01 9.916266e+03
2.129523e-01 9.961908e+03
2.136340e-01 1.001858e+04
2.143157e-01 1.008713e+04
2.149974e-01 1.016842e+04
2.156791e-01 1.026287e+04
2.163608e-01 1.036921e+04
2.170425e-01 1.048576e+04
2.177242e-01 1.061079e+04
2.184059e-01 1.074263e+04
2.190876e-01 1.087955e+04
2.197693e-01 1.101988e+04
2.204510e-01 1.116189e+04
2.211327e-01 1.130390e+04
2.218144e-01 1.144421e+04
2.224961e-01 1.158111e+04
2.231778e-01 1.171290e+04
2.238595e-01 1.183788e+04
2.245412e-01 1.195436e+04
2.252229e-01 1.206065e+04
2.259046e-01 1.215574e+04
2.265863e-01 1.223972e+04
2.272680e-01 1.231279e+04
2.279497e-01 1.237512e+04
2.286314e-01 1.242691e+04
2.293131e-01 1.246833e+04
2.299948e-01 1.249958e+04
2.306765e-01 1.252085e+04
2.313582e-01 1.253231e+04
2.320399e-01 1.253415e+04
2.327216e-01 1.252656e+04
2.334033e-01 1.250972e+04
2.340851e-01 1.248383e+04
2.347668e-01 1.244906e+04
2.354485e-01 1.240566e+04
2.361302e-01 1.235454e+04
2.368119e-01 1.229707e+04
2.374936e-01 1.223463e+04
2.381753e-01 1.216858e+04
2.388570e-01 1.210029e+04
2.395387e-01 1.203113e+04
2.402204e-01 1.196248e+04
2.409021e-01 1.189571e+04
2.415838e-01 1.183219e+04
2.422655e-01 1.177329e+04
2.429472e-01 1.172039e+04
2.436289e-01 1.167484e+04
2.443106e-01 1.163803e+04
2.449923e-01 1.161133e+04
2.456740e-01 1.159572e+04
2.463557e-01 1.159060e+04
2.470374e-01 1.159494e+04
2.477191e-01 1.160773e+04
2.484008e-01 1.162794e+04
2.490825e-01 1.165456e+04
2.497642e-01 1.168656e+04
2.504459e-01 1.172292e+04
2.511276e-01 1.176263e+04
2.518093e-01 1.180466e+04
2.524910e-01 1.184799e+04
2.531727e-01 1.189161e+04
2.538544e-01 1.193449e+04
2.545361e-01 1.197562e+04
2.552178e-01 1.201397e+04
2.558995e-01 1.204903e+04
2.565812e-01 1.208105e+04
2.572629e-01 1.211036e+04
2.579446e-01 1.213729e+04
2.586263e-01 1.216218e+04
2.593080e-01 1.218534e+04
2.599897e-01 1.220710e+04
2.606714e-01 1.222781e+04
2.613531e-01 1.224778e+04
2.620348e-01 1.226734e+04
2.627165e-01 1.228683e+04
2.633982e-01 1.230657e+04
2.640799e-01 1.232689e+04
2.647616e-01 1.234812e+04
2.654433e-01 1.237056e+04
2.661250e-01 1.239414e+04
2.668067e-01 1.241855e+04
2.674884e-01 1.244347e+04
